[[  2   6   9  11  16  24  25  43  37  44  24  41  15  16  12]
 [  2  12  20  30  43  61  81  90  86  72  59  43  31  16   2]
 [  9  21  37  55  74  98 122 130 118  92  75  54  38  22   0]
 [  6  31  57  82 102 124 143 149 131 101  80  63  46  25  21]
 [ 14  35  66  99 119 135 146 151 135 105  79  60  48  27   4]
 [  7  35  70 107 131 144 150 154 141 113  76  45  29  17   0]
 [  9  35  72 111 149 166 173 168 153 126  84  41  17  12   0]
 [ 10  36  73 112 153 178 188 177 173 144 105  58  29  17  44]
 [  5  37  72 108 140 164 180 172 168 143 112  72  51  30   0]
 [ 12  30  61  93 116 127 135 133 127 109  88  61  49  32   0]
 [  0  20  45  73  93 100 100  95  88  72  52  38  29  22  28]
 [  5  11  26  47  66  76  76  67  62  52  39  22  10   7   7]
 [  3   7  15  30  45  58  63  58  52  44  33  19   5   0   0]
 [  4   6  11  18  29  40  51  53  50  40  31  23  15   9   0]
 [  4  10  14  20  14  34  31  70  50  57  32  26  37  21  28]]
[[  0   0   0   0   0   0   0   0   0   0   0   0   0   0   0]
 [  0  -4  -7  -9 -13  -5 -14  11  -6  16  -4  10  -3   4   0]
 [  0   3   2   0  11   2  28  34  23   7   8  10 -12  11   0]
 [  0  -5  -4   0   9  -5  18  12  -8   0 -27  14 -11   4   0]
 [  0   4   9  13  11  -6   7   1  -1   4  -4  22  12   1   0]
 [  0  -8  -7   0   9 -11  11  -8  25   6  -5   2  -5  23   0]
 [  0  -4  -4   7   1 -16  -2 -10  -2  -5 -10 -27 -36 -30   0]
 [  0  -4   2  16  -5  72   6  44  -6   8  11  12 -10  19   0]
 [  0  -5  -7   8 -11   7  -5  10 -26 107 -22   9   1  11   0]
 [  0   3  17  13  14   6   6  22  25 -19 -17  11   4  13   0]
 [  0 -13  -5  -2  -5   3 -25  -8 -32 -11  -8  -7  11  -4   0]
 [  0  -3   5   3   9   8   4   7  -2  21   6 -11 -14 -18   0]
 [  0  -6   2 -13   0  -3  -1   2 -10   1  -8  -3   1  -1   0]
 [  0  -5   0  -3   1   3  -2   4 -11   3  -4  -5   7 -20   0]
 [  0   0   0   0   0   0   0   0   0   0   0   0   0   0   0]]
